iter,energy,gamma[0],beta[0],gamma[1],beta[1],gamma[2],beta[2],gamma[3],beta[3]
1,-3.0702569596469402,1.1687205538201078,0.785597220945132,0.8411789153321692,0.9065965692417327,1.1687140722356322,0.7855900236028616,0.8411715907440687,0.9065922190249129
2,-4.4863896779716015,1.2221033217898443,0.8083194394719719,0.8706974750700707,0.9242765946264365,1.2220970593878442,0.8083119989605653,0.8706894959148955,0.9242721325111692
3,-4.804306527599692,1.2788434120603906,0.812857056238978,0.8462533651627753,0.9056216745451318,1.2788430105224002,0.8128478294822881,0.8462498801358312,0.9056206265055108
4,-4.860066938214004,1.284817490705302,0.8026610119270504,0.8495661948256348,0.9023109916799014,1.2848227559474352,0.8026514681244028,0.8495569080104516,0.9023068537312264
5,-4.884930647909641,1.3080853941708042,0.7761605004501632,0.8559392717726629,0.8962440457204456,1.3056807248711673,0.7781045758104862,0.8566589432283526,0.8976479179193266
6,-5.2554638013243675,1.3114357106252794,0.7656335773087203,0.8305655834099968,0.92359356922146,1.3043126233761382,0.7720039958001327,0.8354465395527979,0.9273415057561131
7,-6.367640918120742,1.3597492705780891,0.7074833686901298,0.7685909646894583,1.0009420739017978,1.3432328706552084,0.7234752223150349,0.7839038487588348,1.0092509457936754
8,-6.412862319499254,1.3631507889411385,0.7039354578314128,0.7665058808778182,1.0025995474567,1.345974793230569,0.72026809336806,0.7823604489875157,1.0110219148425934
9,-6.80641988478601,1.3694981793464545,0.7017185473174482,0.7687845174864734,0.9918109838734837,1.352893928286726,0.7170784495647106,0.7847542617614239,1.0000249210775711
10,-7.201384304091334,1.3818878345857677,0.6934019184011614,0.7804942145688425,0.9695517702681329,1.3675931905160932,0.7145063864222831,0.7953083127354362,0.975018487528151
11,-7.247413223609328,1.3812854532015832,0.6989328948438662,0.7782646140354779,0.9707129092659913,1.371244603245228,0.7181643200523662,0.790039649990904,0.9733191852098652
12,-7.355613507330418,1.3828931505109392,0.7104191184460016,0.7786356300500631,0.9735439058250424,1.3788760012747896,0.7249365711987529,0.7880713558649125,0.9688916008577683
13,-7.54412585683167,1.38549852414931,0.7357695570285133,0.7837512483684455,0.9818272740394137,1.397699337428448,0.7403364856937993,0.7866461270339379,0.9630643917859394
14,-7.602077106013894,1.3837200866764967,0.7344154423624593,0.7840789420215826,0.9865735597678865,1.3942015170188387,0.7373478976482177,0.7867899965766518,0.9679974101468153
15,-7.693316382355988,1.3834392596433638,0.7346575918958386,0.7929030792739855,0.9964551952122075,1.392127427028159,0.735355226534066,0.793016975345126,0.9726031449838789
16,-7.73162438813597,1.3797740732986388,0.7224372735183425,0.8171467851183959,1.0037780733087245,1.3825587546008336,0.7201142581261146,0.8141549041043525,0.9759422279841579
17,-7.804321613162756,1.378077528498043,0.7321541555591503,0.8218471874872051,1.006393563682534,1.3845862337919819,0.7235618780804481,0.8144041475782212,0.9719448983946438
18,-7.971241857856512,1.3685401174906593,0.748766487828971,0.8486127333895315,1.0174273441973352,1.37722604814117,0.724299139231641,0.8324430379758279,0.9623652597274513
19,-8.023163597565144,1.3647777910002439,0.7549189284686917,0.8575684810288048,1.0210322781364534,1.3717200725747591,0.7259072730804765,0.8386386437952594,0.9583278089727689
20,-8.075077664107084,1.3623605171030932,0.7566286782902093,0.8531202279690535,1.0188586327530023,1.365416846421779,0.73148031547398,0.8401096077370757,0.9544332982650952
21,-8.080160772427917,1.3608967311012592,0.7559079426827916,0.851773696814212,1.0182157484085101,1.3578901618318453,0.7308845395122913,0.8401638143941357,0.9531993068406187
22,-8.084234101697803,1.3618175892641569,0.7559780112616095,0.8529669941456822,1.0208905743370715,1.3540044788800556,0.7295156650247322,0.8400546573329174,0.9542723829771661
23,-8.085018723271787,1.3623853485105673,0.7527764691666357,0.8524740741868108,1.0226885431559736,1.352909820872228,0.7302802526160531,0.8406900320179738,0.9551958444654339
24,-8.086058599874377,1.361414798570363,0.7534660402315305,0.8522707693080818,1.0222635810664953,1.353789104403765,0.7295008415643813,0.8414186603275684,0.9558606841899645
25,-8.086061287671328,1.3614148014223437,0.7534660323409782,0.8522707355153508,1.0222635696278988,1.3537891033835632,0.729500848402107,0.8414186912244904,0.9558606955344771
26,-8.086095603182912,1.3614245641472271,0.7534485718340003,0.8522687367661342,1.0222502576800176,1.353782800219372,0.729516746987731,0.8414143392664972,0.9558730926980438
